UK map to Netlogo/data/United_Kingdom_Ascii/uk_ascii.asc
ncols         250
nrows         463
xllcorner     -69.125396050047
yllcorner     5333.6020000002
cellsize      2624.2325015842
NODATA_value  -9999
[rows 333 to 369 of 463, columns 83 to 165 of 250]
-9999 -9999 -9999 -9999 -9999 -9999 167 167 167 167 167 167 167 167 167 167 167 167 167 167 167 117 117 117 117 117 117 167 167 117 117 117 305 305 305 305 305 305 305 305 66 66 66 66 66 66 66 66 297 297 297 297 338 338 338 338 338 338 338 338 194 194 194 194 251 251 251 102 102 102 102 102 102 250 250 250 100 100 100 100 281 281 281
-9999 -9999 -9999 -9999 -9999 -9999 167 167 167 167 167 167 167 167 167 167 167 167 167 167 167 167 117 117 167 167 167 167 167 117 167 117 305 305 305 305 305 305 305 305 305 66 66 66 66 66 66 66 66 66 66 116 116 116 338 338 338 338 116 116 194 194 194 194 251 251 251 102 102 102 102 102 102 250 100 100 100 100 100 100 281 281 281
-9999 -9999 -9999 167 167 167 167 167 167 167 167 167 167 167 167 167 167 167 167 167 167 167 167 167 167 167 167 167 167 167 167 167 305 305 305 305 305 305 305 305 66 66 66 66 116 66 66 66 66 66 66 116 116 116 116 116 116 116 116 116 194 194 109 109 109 109 251 109 102 102 102 102 250 250 100 100 100 100 100 100 281 281 272
-9999 -9999 167 167 167 167 167 167 167 167 167 167 -9999 167 167 167 167 167 167 167 167 167 167 167 167 167 167 167 167 167 167 167 305 305 305 66 66 66 66 66 66 116 116 116 116 116 116 116 66 66 66 116 116 116 116 116 116 116 194 194 194 194 194 109 109 109 109 109 102 102 250 250 250 100 100 100 100 100 354 354 354 281 272
-9999 167 167 167 167 167 167 167 -9999 -9999 -9999 -9999 -9999 -9999 167 167 167 167 167 167 167 167 167 167 167 167 167 167 167 167 167 305 305 305 66 66 66 66 66 66 66 116 116 116 116 116 116 116 116 116 116 116 116 116 116 116 116 116 194 194 109 109 109 109 109 109 109 109 109 250 250 250 250 100 100 100 354 354 354 354 354 272 272
167 167 167 167 167 167 -9999 -9999 -9999 -9999 -9999 -9999 -9999 -9999 -9999 167 167 167 167 167 167 167 167 167 167 167 167 167 167 167 167 167 305 305 74 74 66 66 74 74 116 116 116 116 116 116 116 116 116 116 116 116 116 116 116 116 116 116 194 116 109 109 109 109 109 109 109 109 109 109 250 250 250 250 100 100 354 354 354 354 354 354 272
167 167 167 167 167 -9999 -9999 -9999 -9999 -9999 -9999 -9999 -9999 -9999 -9999 167 167 167 167 167 167 167 167 167 167 167 167 167 167 167 167 74 74 74 74 74 74 74 74 74 116 116 116 116 116 116 116 116 116 116 116 116 116 116 116 116 116 116 116 116 109 109 109 109 109 109 109 109 109 109 109 250 250 250 250 250 250 250 354 354 354 354 354
167 167 -9999 -9999 167 -9999 -9999 -9999 -9999 -9999 -9999 -9999 -9999 -9999 167 167 167 167 167 167 167 167 167 167 167 167 167 167 167 74 74 74 74 74 74 74 74 74 74 74 116 116 116 116 116 116 116 116 116 116 116 116 116 116 116 116 116 116 116 109 109 109 109 109 109 109 109 109 109 109 109 250 250 250 250 250 250 250 250 250 354 354 354
-9999 -9999 -9999 -9999 167 -9999 -9999 -9999 -9999 -9999 -9999 -9999 -9999 -9999 167 167 167 167 167 167 167 167 167 167 167 167 167 167 74 74 74 74 74 74 74 74 74 74 74 116 116 116 116 116 116 116 116 116 116 116 116 116 116 116 116 116 116 94 94 94 109 109 109 109 109 109 109 109 109 109 109 250 250 250 250 250 250 250 250 250 354 354 354
-9999 -9999 -9999 -9999 -9999 -9999 -9999 -9999 -9999 -9999 -9999 -9999 -9999 -9999 -9999 167 167 167 167 167 167 167 167 167 167 167 167 167 74 74 74 74 74 74 74 74 74 74 74 74 74 116 116 116 116 116 116 116 116 116 116 116 116 116 94 94 94 116 94 94 109 109 109 109 109 109 109 109 109 109 109 263 263 263 250 250 250 250 250 250 354 354 354
-9999 -9999 -9999 -9999 -9999 -9999 -9999 -9999 -9999 -9999 -9999 -9999 -9999 -9999 -9999 -9999 167 167 167 167 167 167 167 167 167 167 167 167 74 74 74 74 74 74 74 74 74 74 74 74 74 74 74 116 116 116 116 116 116 116 116 116 116 94 94 94 94 94 94 94 109 109 109 109 109 95 95 95 109 109 109 263 263 263 250 250 250 250 354 354 354 354 354
-9999 -9999 -9999 -9999 -9999 -9999 -9999 -9999 -9999 -9999 -9999 -9999 -9999 -9999 -9999 -9999 167 167 167 167 167 167 167 167 167 167 167 167 167 74 74 74 74 74 74 74 74 74 74 74 74 74 74 74 116 116 116 116 116 116 116 116 94 94 94 94 94 94 94 94 94 109 109 109 109 95 95 95 95 391 391 391 263 263 263 263 250 354 354 354 354 258 258
-9999 -9999 -9999 -9999 -9999 -9999 -9999 -9999 -9999 -9999 -9999 -9999 -9999 -9999 -9999 -9999 167 167 167 167 167 167 167 167 167 167 167 167 74 74 74 74 74 74 74 74 74 74 74 74 74 74 74 116 74 116 116 116 116 116 116 116 116 116 94 94 94 94 94 94 116 116 95 95 95 95 95 95 95 391 391 263 263 263 263 263 263 263 354 354 354 258 258
-9999 -9999 -9999 -9999 -9999 -9999 -9999 -9999 -9999 -9999 -9999 -9999 -9999 -9999 -9999 -9999 167 167 167 167 167 167 167 167 167 167 74 74 74 74 74 74 74 74 74 74 74 74 74 74 74 74 74 116 116 116 116 116 116 116 116 116 116 116 94 94 94 94 94 116 116 95 95 95 95 95 95 95 391 391 391 263 263 263 263 263 263 263 263 263 258 258 258
-9999 -9999 -9999 -9999 -9999 -9999 -9999 -9999 -9999 -9999 -9999 -9999 -9999 -9999 -9999 167 167 167 167 167 167 167 74 74 74 74 74 74 74 74 74 74 74 74 74 74 74 74 74 74 74 74 74 116 116 116 116 116 116 116 116 116 116 116 116 94 94 94 94 116 116 116 116 95 95 95 95 95 391 391 263 263 263 263 263 263 263 263 263 263 57 258 258
-9999 -9999 -9999 -9999 -9999 -9999 -9999 -9999 -9999 -9999 -9999 -9999 -9999 -9999 -9999 167 167 167 167 167 167 167 74 74 74 74 74 74 74 74 74 74 74 74 74 74 74 74 74 74 74 74 116 116 116 116 116 116 116 116 116 116 116 116 116 116 94 94 94 116 116 116 116 95 95 95 95 95 95 95 391 111 263 263 263 263 263 20 20 57 57 83 83
-9999 -9999 -9999 -9999 -9999 -9999 -9999 -9999 -9999 -9999 -9999 -9999 -9999 -9999 -9999 167 167 167 167 167 167 167 74 74 74 74 74 74 74 74 74 74 74 74 74 74 74 74 74 74 74 74 116 116 116 116 116 116 116 116 116 116 116 116 116 116 116 94 116 116 116 116 116 95 95 95 148 95 95 111 111 111 263 263 263 263 263 20 20 57 57 83 83
-9999 -9999 -9999 -9999 -9999 -9999 -9999 -9999 -9999 -9999 -9999 -9999 -9999 -9999 -9999 167 167 167 167 167 167 74 74 74 74 74 74 74 74 74 74 74 74 74 74 74 74 74 74 74 74 116 116 116 116 116 116 116 116 116 116 116 116 116 116 116 116 116 116 116 116 95 95 95 95 148 148 148 111 111 111 111 263 399 263 263 263 20 20 57 57 83 83
-9999 -9999 -9999 -9999 -9999 -9999 -9999 -9999 -9999 -9999 -9999 -9999 -9999 -9999 -9999 -9999 167 167 167 167 74 74 74 74 74 74 74 74 74 74 74 74 74 74 74 74 74 74 74 74 116 116 116 116 116 116 116 116 116 116 116 116 116 116 116 116 116 116 116 116 116 116 95 95 148 148 148 148 111 111 111 111 111 399 399 57 57 57 57 57 57 57 83
-9999 -9999 -9999 -9999 -9999 -9999 -9999 -9999 -9999 -9999 -9999 -9999 -9999 -9999 -9999 -9999 246 167 246 246 246 246 74 74 74 74 74 74 74 74 74 74 74 74 74 74 74 74 74 74 74 74 74 74 116 116 116 116 116 116 116 116 116 116 116 116 116 116 116 116 116 116 95 95 95 148 148 148 209 209 209 111 399 399 399 399 57 57 57 57 57 57 57
-9999 -9999 -9999 -9999 -9999 -9999 -9999 -9999 -9999 -9999 -9999 -9999 -9999 -9999 -9999 -9999 246 246 246 246 246 246 74 74 74 74 74 74 74 74 74 74 74 74 74 74 74 74 74 74 74 74 74 74 116 116 116 116 116 116 116 116 116 116 116 116 116 116 116 116 116 116 116 95 95 95 290 209 209 209 209 399 399 399 399 399 57 57 57 57 57 16 16
-9999 -9999 -9999 -9999 -9999 -9999 -9999 -9999 -9999 -9999 -9999 -9999 -9999 -9999 -9999 -9999 246 246 246 246 246 246 74 74 74 74 74 74 74 74 74 74 74 74 74 74 74 74 74 74 74 74 74 116 116 116 116 116 116 116 116 116 116 116 116 116 116 116 116 116 116 116 95 95 95 290 290 290 209 209 399 399 399 399 399 335 57 57 57 57 57 16 16
-9999 -9999 -9999 -9999 -9999 -9999 -9999 -9999 -9999 -9999 -9999 -9999 -9999 -9999 -9999 -9999 246 246 246 246 246 246 246 246 74 74 74 74 74 74 74 74 74 74 74 74 74 74 74 116 116 116 116 116 116 116 116 116 116 116 116 116 116 116 116 116 116 116 116 116 116 95 95 95 95 290 290 290 209 209 209 399 399 399 399 399 335 57 57 57 57 57 16
-9999 -9999 -9999 -9999 -9999 -9999 -9999 -9999 -9999 -9999 -9999 -9999 -9999 -9999 -9999 -9999 246 246 246 246 246 246 246 246 74 74 74 74 74 74 74 74 74 74 74 74 74 74 116 116 116 116 116 116 116 116 116 116 116 116 116 116 116 116 116 116 116 116 116 116 116 116 95 95 95 290 290 290 290 399 399 399 399 399 399 399 335 57 57 335 57 198 16
-9999 -9999 -9999 -9999 -9999 -9999 -9999 -9999 -9999 -9999 -9999 -9999 -9999 -9999 -9999 246 246 246 246 246 246 246 246 246 246 74 74 74 74 74 74 74 74 74 74 74 74 74 116 116 116 116 116 116 116 116 116 116 116 116 116 116 116 116 116 116 116 116 116 116 340 340 340 95 95 290 290 290 290 399 399 399 399 399 335 335 335 335 335 335 198 198 198
-9999 -9999 -9999 -9999 -9999 -9999 -9999 -9999 -9999 -9999 -9999 -9999 -9999 -9999 -9999 246 246 246 246 246 246 246 246 246 246 74 74 74 74 74 74 74 74 74 74 74 74 74 74 116 116 116 116 116 116 116 116 116 116 116 116 116 116 116 116 116 116 116 116 116 340 340 340 340 340 64 64 64 64 64 399 399 399 399 335 335 335 335 335 335 198 198 198
-9999 -9999 -9999 -9999 -9999 -9999 -9999 -9999 -9999 -9999 -9999 -9999 -9999 -9999 -9999 246 246 246 246 246 246 246 246 246 246 74 74 74 74 74 74 74 74 74 74 74 74 74 74 74 116 116 116 116 116 116 116 299 299 116 116 116 116 116 116 116 116 116 116 116 116 340 340 340 340 340 64 64 64 399 399 64 64 335 335 335 335 335 335 335 198 198 198
-9999 -9999 -9999 -9999 -9999 -9999 -9999 -9999 -9999 -9999 -9999 -9999 -9999 -9999 246 246 246 246 246 246 246 246 246 246 246 246 74 74 74 74 74 74 74 74 74 74 74 74 74 74 74 116 116 116 116 299 299 299 299 116 116 116 116 116 116 116 116 384 384 340 340 340 340 340 340 340 64 64 64 64 64 64 64 335 335 335 99 335 335 99 99 99 99
-9999 -9999 -9999 -9999 -9999 -9999 -9999 -9999 -9999 -9999 -9999 -9999 -9999 -9999 246 246 246 246 246 246 246 246 246 246 246 74 74 74 74 74 74 74 74 74 74 74 74 74 74 74 74 74 74 74 74 299 299 299 299 299 116 116 116 116 116 384 116 384 384 340 340 340 340 291 340 340 64 64 64 64 64 64 64 77 77 99 99 99 99 99 99 99 99
-9999 -9999 -9999 -9999 -9999 -9999 -9999 -9999 -9999 -9999 -9999 -9999 -9999 246 246 246 246 246 246 246 246 246 246 246 246 74 74 74 74 74 74 74 74 74 74 74 74 74 74 74 74 74 74 299 299 299 299 299 299 299 299 116 299 116 116 384 384 384 384 384 384 384 384 291 291 291 64 64 64 64 64 288 64 77 77 99 99 99 99 99 99 99 99
-9999 -9999 -9999 -9999 -9999 -9999 -9999 -9999 -9999 -9999 -9999 -9999 246 246 246 246 246 246 246 246 246 246 246 246 246 74 74 74 74 74 74 74 74 74 74 74 74 74 74 74 74 74 74 299 299 299 299 299 299 299 299 299 299 384 384 384 384 384 384 384 384 384 291 291 291 291 291 64 64 64 288 288 288 77 77 77 77 99 99 99 99 99 99
-9999 -9999 -9999 -9999 -9999 -9999 -9999 -9999 -9999 -9999 -9999 246 246 246 246 246 246 246 246 246 246 246 246 246 74 74 74 74 74 74 74 74 74 74 74 74 74 74 74 74 74 74 74 74 299 299 299 299 299 299 299 299 299 299 384 384 299 299 384 384 384 384 291 291 291 291 291 291 291 288 288 77 77 77 77 77 77 77 99 99 99 99 99
-9999 -9999 -9999 -9999 -9999 -9999 -9999 -9999 -9999 -9999 246 246 246 246 246 246 246 246 246 246 246 246 246 246 74 74 74 74 74 74 74 74 74 74 74 74 74 74 74 74 74 74 299 299 299 299 299 299 299 299 299 299 299 384 299 299 299 384 384 384 384 384 384 291 291 291 291 291 291 288 288 77 77 77 77 77 77 77 77 99 99 99 99
-9999 -9999 -9999 -9999 -9999 -9999 -9999 246 246 246 246 246 246 246 246 246 246 246 246 246 246 246 246 246 74 74 74 74 74 74 74 74 74 74 74 74 74 74 74 74 74 74 299 299 299 299 299 299 299 299 299 299 299 299 299 299 299 299 299 384 384 384 384 219 291 291 291 291 291 291 291 291 77 77 77 77 77 77 77 99 99 77 77
-9999 -9999 -9999 -9999 -9999 -9999 246 246 246 246 246 246 246 246 246 246 246 246 246 246 246 246 246 246 74 74 74 74 74 74 74 74 74 74 74 74 74 74 74 74 74 299 299 299 299 299 299 299 299 299 299 299 299 299 299 299 299 299 299 384 384 384 384 219 219 291 291 291 291 291 291 77 77 77 77 77 77 77 77 77 77 77 77
-9999 -9999 -9999 -9999 -9999 246 246 246 246 246 246 246 246 246 246 246 246 246 246 246 246 246 246 246 74 74 74 74 74 74 74 74 74 74 74 74 74 74 74 74 74 299 299 299 299 299 299 299 299 299 299 299 299 299 299 299 299 299 384 384 384 384 384 219 219 291 291 291 291 291 291 77 77 77 77 77 77 77 77 77 77 77 77
246 246 246 246 246 246 246 246 246 246 246 246 246 246 246 246 246 246 246 246 246 246 246 246 74 74 74 74 74 74 74 74 74 74 74 74 74 74 74 74 74 299 299 299 299 299 299 299 299 299 299 299 299 299 299 299 299 299 384 384 384 384 384 384 291 291 291 291 291 291 291 77 291 77 77 77 77 77 77 77 77 77 77
