UK map to Netlogo/data/United_Kingdom_Ascii/uk_ascii.asc
ncols         250
nrows         463
xllcorner     -69.125396050047
yllcorner     5333.6020000002
cellsize      2624.2325015842
NODATA_value  -9999
[rows 296 to 332 of 463, columns 83 to 165 of 250]
-9999 -9999 -9999 -9999 -9999 -9999 -9999 -9999 -9999 -9999 -9999 -9999 -9999 -9999 -9999 -9999 -9999 -9999 -9999 -9999 -9999 -9999 -9999 -9999 -9999 -9999 -9999 -9999 -9999 -9999 -9999 -9999 -9999 -9999 -9999 -9999 -9999 -9999 -9999 -9999 -9999 -9999 -9999 152 140 140 140 140 140 140 140 140 385 385 213 213 213 213 213 213 213 213 278 278 278 278 278 369 369 369 310 310 310 310 310 347 347 347 347 347 347 347 347
-9999 -9999 -9999 -9999 -9999 -9999 -9999 -9999 -9999 -9999 -9999 -9999 -9999 -9999 -9999 -9999 -9999 -9999 -9999 -9999 -9999 -9999 -9999 -9999 -9999 -9999 -9999 -9999 -9999 -9999 -9999 -9999 -9999 -9999 -9999 -9999 -9999 -9999 -9999 -9999 -9999 -9999 -9999 152 140 41 41 140 140 140 140 385 385 385 213 213 213 213 213 213 213 213 278 278 278 278 278 278 310 310 310 310 310 310 310 310 310 347 347 347 347 347 347
-9999 -9999 -9999 -9999 -9999 -9999 -9999 -9999 -9999 -9999 -9999 -9999 -9999 -9999 -9999 -9999 -9999 -9999 -9999 -9999 -9999 -9999 -9999 -9999 -9999 -9999 -9999 -9999 -9999 -9999 -9999 -9999 -9999 -9999 -9999 -9999 -9999 -9999 -9999 -9999 -9999 -9999 -9999 152 41 41 41 41 140 385 140 385 385 385 213 213 213 213 213 213 213 213 278 278 278 278 278 278 310 310 310 310 310 310 310 310 310 347 347 347 347 347 347
-9999 -9999 -9999 -9999 -9999 -9999 -9999 -9999 -9999 -9999 -9999 -9999 -9999 -9999 -9999 -9999 -9999 -9999 -9999 -9999 -9999 -9999 -9999 -9999 -9999 -9999 -9999 -9999 -9999 -9999 -9999 -9999 -9999 -9999 -9999 -9999 -9999 -9999 -9999 -9999 -9999 -9999 -9999 152 152 41 41 41 41 385 385 385 385 385 213 213 213 213 213 213 213 150 150 150 150 150 150 322 322 310 310 310 310 310 310 310 310 347 347 347 347 347 347
-9999 -9999 -9999 -9999 -9999 -9999 -9999 -9999 -9999 -9999 -9999 -9999 -9999 -9999 -9999 -9999 -9999 -9999 -9999 -9999 -9999 -9999 -9999 -9999 -9999 -9999 -9999 -9999 -9999 -9999 -9999 -9999 -9999 -9999 -9999 -9999 -9999 -9999 -9999 -9999 -9999 -9999 152 41 41 41 41 41 41 41 385 385 385 385 10 213 213 213 62 62 62 150 150 150 150 150 322 322 322 322 322 322 310 310 310 310 310 310 347 347 347 347 347
-9999 -9999 -9999 -9999 -9999 -9999 -9999 -9999 -9999 -9999 -9999 -9999 -9999 -9999 -9999 -9999 -9999 -9999 -9999 -9999 -9999 -9999 -9999 -9999 -9999 -9999 -9999 -9999 -9999 -9999 -9999 -9999 -9999 -9999 -9999 -9999 -9999 -9999 -9999 -9999 -9999 -9999 -9999 41 41 41 41 41 41 41 385 385 385 10 10 10 134 134 62 62 62 150 150 150 150 150 322 322 322 322 322 322 322 310 310 310 9 310 347 347 347 347 347
-9999 -9999 -9999 -9999 -9999 -9999 -9999 -9999 -9999 -9999 -9999 -9999 -9999 -9999 -9999 -9999 -9999 -9999 -9999 -9999 -9999 -9999 -9999 -9999 -9999 -9999 -9999 -9999 -9999 -9999 -9999 -9999 -9999 -9999 -9999 -9999 -9999 -9999 -9999 -9999 -9999 -9999 230 41 41 41 41 230 10 10 10 10 10 10 264 134 134 134 62 62 62 120 120 120 150 150 322 322 322 322 322 322 322 322 322 310 9 9 9 347 347 347 347
-9999 -9999 -9999 -9999 -9999 -9999 -9999 -9999 -9999 -9999 -9999 -9999 -9999 -9999 -9999 -9999 -9999 -9999 -9999 -9999 -9999 -9999 -9999 -9999 -9999 -9999 -9999 -9999 -9999 -9999 -9999 -9999 -9999 -9999 -9999 -9999 -9999 -9999 -9999 -9999 -9999 -9999 230 230 230 230 230 230 230 10 10 10 10 264 264 264 134 134 134 62 120 120 120 120 120 322 322 322 322 322 322 322 322 322 322 322 9 9 9 9 347 333 333
-9999 -9999 -9999 -9999 -9999 -9999 -9999 -9999 -9999 -9999 -9999 -9999 -9999 -9999 -9999 -9999 -9999 -9999 -9999 -9999 -9999 -9999 -9999 -9999 -9999 -9999 -9999 -9999 -9999 -9999 -9999 -9999 -9999 -9999 -9999 -9999 -9999 -9999 -9999 -9999 -9999 -9999 -9999 337 337 337 230 230 230 264 264 10 10 264 264 264 134 134 134 134 120 120 120 120 120 120 322 322 322 322 322 322 322 322 322 9 9 9 9 9 333 333 333
-9999 -9999 -9999 -9999 -9999 -9999 -9999 -9999 -9999 -9999 -9999 -9999 -9999 -9999 -9999 -9999 -9999 -9999 -9999 -9999 -9999 -9999 -9999 -9999 -9999 -9999 -9999 -9999 -9999 -9999 -9999 -9999 -9999 -9999 -9999 -9999 -9999 -9999 -9999 -9999 -9999 -9999 -9999 337 337 337 230 230 230 264 264 264 264 264 264 264 134 134 134 134 171 120 120 183 120 120 183 183 322 322 322 322 322 9 9 9 9 9 9 9 333 333 333
-9999 -9999 -9999 -9999 -9999 -9999 -9999 -9999 -9999 -9999 -9999 -9999 -9999 -9999 -9999 -9999 -9999 -9999 -9999 -9999 -9999 -9999 -9999 -9999 -9999 -9999 -9999 -9999 -9999 -9999 -9999 -9999 -9999 -9999 -9999 -9999 -9999 -9999 -9999 -9999 -9999 -9999 -9999 337 337 230 230 230 230 264 264 264 264 264 264 264 134 134 260 134 171 171 120 183 183 183 183 183 322 322 322 9 9 9 9 9 9 9 9 333 333 333 333
-9999 -9999 -9999 -9999 -9999 -9999 -9999 -9999 -9999 -9999 -9999 -9999 -9999 -9999 -9999 -9999 -9999 -9999 -9999 -9999 -9999 -9999 -9999 -9999 -9999 -9999 -9999 -9999 -9999 -9999 -9999 -9999 -9999 -9999 -9999 -9999 -9999 -9999 -9999 -9999 -9999 -9999 337 337 230 230 230 230 230 230 230 230 264 264 264 264 260 260 260 260 171 171 171 183 183 183 183 183 183 9 9 9 9 9 9 9 9 9 9 9 333 333 333
-9999 -9999 -9999 -9999 -9999 -9999 -9999 -9999 -9999 -9999 -9999 -9999 -9999 -9999 -9999 -9999 -9999 -9999 -9999 -9999 -9999 -9999 -9999 -9999 -9999 -9999 -9999 -9999 -9999 -9999 -9999 -9999 -9999 -9999 -9999 -9999 -9999 -9999 -9999 -9999 -9999 -9999 337 230 230 230 230 230 230 230 230 230 197 197 260 260 260 260 260 260 171 171 171 183 183 183 183 331 331 331 9 9 9 9 9 9 9 9 9 9 371 371 371
-9999 -9999 -9999 -9999 -9999 -9999 -9999 -9999 -9999 -9999 -9999 -9999 -9999 -9999 -9999 -9999 -9999 -9999 -9999 -9999 -9999 -9999 -9999 -9999 -9999 -9999 -9999 -9999 -9999 -9999 -9999 -9999 -9999 -9999 -9999 -9999 -9999 -9999 -9999 -9999 -9999 337 337 230 230 230 230 230 230 230 230 230 197 197 197 260 260 260 260 260 171 171 171 183 183 183 331 331 331 331 331 9 9 9 9 9 9 9 9 371 371 371 371
-9999 -9999 -9999 -9999 -9999 -9999 -9999 -9999 -9999 -9999 -9999 -9999 -9999 -9999 -9999 -9999 -9999 -9999 -9999 -9999 -9999 -9999 -9999 -9999 -9999 -9999 -9999 -9999 -9999 -9999 -9999 -9999 -9999 -9999 -9999 -9999 -9999 -9999 -9999 -9999 -9999 337 337 230 230 337 230 230 230 230 230 197 197 197 197 260 260 260 260 260 260 171 171 171 183 331 331 331 331 331 331 331 9 9 9 9 371 371 371 371 371 371 371
-9999 -9999 -9999 -9999 -9999 -9999 -9999 -9999 -9999 -9999 -9999 -9999 -9999 -9999 -9999 -9999 -9999 -9999 -9999 -9999 -9999 -9999 -9999 -9999 -9999 -9999 -9999 -9999 -9999 -9999 -9999 -9999 -9999 -9999 -9999 -9999 -9999 -9999 -9999 -9999 -9999 -9999 337 337 337 337 337 230 230 341 230 197 197 197 197 197 197 197 197 315 315 315 171 239 239 331 331 331 103 331 331 182 182 9 371 371 371 371 371 371 371 371 371
-9999 -9999 -9999 -9999 -9999 -9999 -9999 -9999 -9999 -9999 -9999 -9999 -9999 -9999 -9999 -9999 -9999 -9999 -9999 -9999 -9999 -9999 -9999 -9999 -9999 -9999 -9999 -9999 -9999 -9999 -9999 -9999 -9999 -9999 -9999 -9999 -9999 -9999 -9999 -9999 -9999 -9999 337 337 337 337 337 230 230 341 341 341 341 197 197 197 197 197 197 315 315 315 315 239 239 331 103 103 103 103 182 182 182 182 182 371 371 380 371 371 371 371 371
-9999 -9999 -9999 -9999 -9999 -9999 -9999 -9999 -9999 -9999 -9999 -9999 -9999 -9999 -9999 -9999 -9999 -9999 -9999 -9999 -9999 -9999 -9999 -9999 -9999 -9999 -9999 -9999 -9999 -9999 -9999 -9999 -9999 -9999 -9999 -9999 -9999 -9999 -9999 -9999 -9999 -9999 -9999 337 337 378 240 240 240 341 341 341 341 341 197 197 282 197 315 315 315 164 315 239 239 103 103 103 103 103 182 182 182 182 182 380 380 380 380 380 380 371 380
-9999 -9999 -9999 184 -9999 -9999 -9999 -9999 -9999 -9999 -9999 -9999 -9999 -9999 -9999 -9999 -9999 -9999 -9999 -9999 -9999 -9999 -9999 -9999 -9999 -9999 -9999 -9999 -9999 -9999 -9999 -9999 -9999 -9999 -9999 -9999 -9999 -9999 -9999 -9999 -9999 -9999 -9999 337 337 378 378 378 240 341 341 341 282 341 341 282 282 315 315 164 164 164 164 239 239 158 103 103 103 103 182 182 182 182 182 182 380 380 380 380 380 371 380
-9999 -9999 -9999 -9999 184 184 184 184 184 184 184 184 -9999 -9999 -9999 -9999 -9999 -9999 -9999 -9999 -9999 -9999 -9999 -9999 -9999 -9999 -9999 -9999 -9999 -9999 -9999 -9999 -9999 -9999 -9999 -9999 -9999 -9999 381 381 381 381 381 381 378 378 378 240 240 240 341 341 341 282 282 282 282 282 315 164 164 164 239 239 239 158 158 103 103 182 182 182 182 182 182 182 380 380 380 380 380 380 380
-9999 -9999 -9999 -9999 -9999 184 184 184 184 184 184 184 -9999 -9999 -9999 -9999 -9999 -9999 -9999 -9999 -9999 -9999 -9999 -9999 -9999 -9999 -9999 -9999 -9999 -9999 -9999 -9999 -9999 -9999 -9999 -9999 -9999 -9999 381 381 381 381 381 381 378 378 378 240 240 240 341 341 282 282 282 282 282 282 164 164 164 164 239 239 158 158 158 158 158 158 182 182 182 182 182 182 182 380 380 380 380 380 380
-9999 -9999 -9999 -9999 184 184 184 184 184 184 184 184 184 -9999 -9999 -9999 -9999 -9999 -9999 -9999 -9999 -9999 -9999 -9999 -9999 -9999 -9999 -9999 -9999 -9999 -9999 -9999 -9999 -9999 -9999 -9999 -9999 -9999 381 381 381 381 381 381 378 378 378 378 240 240 37 37 282 282 282 282 282 282 282 164 164 164 239 158 158 158 158 158 158 182 182 182 182 182 182 182 182 182 380 380 380 380 380
-9999 -9999 -9999 -9999 184 184 184 184 184 184 184 184 184 -9999 -9999 -9999 -9999 -9999 -9999 -9999 -9999 -9999 -9999 -9999 -9999 -9999 -9999 -9999 -9999 -9999 -9999 -9999 -9999 -9999 305 115 115 -9999 -9999 381 381 381 381 381 381 378 378 378 240 37 37 37 282 37 282 282 282 338 338 338 338 338 239 338 158 158 338 338 338 182 182 182 182 182 182 182 182 182 100 380 380 380 380
-9999 184 184 184 184 184 184 184 184 184 184 184 184 184 -9999 184 -9999 -9999 -9999 -9999 -9999 -9999 117 117 117 -9999 -9999 -9999 -9999 -9999 -9999 305 305 305 115 115 115 -9999 115 381 381 381 381 381 381 381 378 378 378 37 37 37 37 37 282 282 297 338 338 338 338 338 338 338 338 158 338 338 338 182 182 182 182 182 182 100 182 100 100 380 380 380 380
-9999 -9999 184 184 184 184 184 184 184 184 184 184 184 184 184 184 184 -9999 -9999 -9999 -9999 -9999 117 117 117 117 -9999 -9999 -9999 117 117 305 305 305 115 115 115 115 115 115 381 381 297 381 381 297 297 297 297 297 297 297 297 37 297 297 297 338 338 338 338 338 338 338 338 338 338 338 338 182 182 182 182 182 100 100 100 100 100 100 208 208 208
-9999 -9999 -9999 184 184 184 184 184 184 184 184 184 184 184 184 184 184 167 117 -9999 117 117 117 117 117 117 117 117 117 117 117 305 305 305 305 115 115 115 115 115 115 297 297 297 297 297 297 297 297 297 297 297 297 297 297 297 297 297 338 338 338 338 338 338 338 338 338 338 338 182 182 182 182 182 100 100 100 100 100 100 208 208 208
-9999 -9999 -9999 -9999 -9999 184 184 184 184 184 184 184 184 184 184 -9999 167 167 117 117 117 117 117 117 117 117 117 117 117 117 117 305 305 305 305 115 115 115 115 115 115 115 297 297 297 297 297 297 297 297 297 297 297 297 297 297 297 297 297 297 338 338 338 338 338 338 338 338 338 182 182 182 182 182 182 100 100 100 100 100 208 208 208
-9999 -9999 -9999 -9999 -9999 -9999 184 184 184 184 184 184 184 184 -9999 167 167 167 167 167 117 117 117 117 117 117 117 117 117 117 117 117 305 305 305 305 115 115 115 115 115 115 115 115 297 297 297 297 297 297 297 297 297 297 297 297 297 297 297 297 297 338 338 338 338 338 338 338 338 338 182 182 182 100 100 100 100 100 100 100 208 208 208
-9999 -9999 -9999 -9999 -9999 -9999 184 184 184 184 184 184 184 167 167 167 167 167 167 167 117 117 117 117 117 117 117 117 117 117 117 117 305 305 305 305 115 115 115 115 115 115 115 115 115 297 297 297 297 297 297 297 297 297 297 297 297 297 297 338 338 338 338 338 338 338 338 338 338 338 102 182 182 100 100 100 100 100 100 100 100 208 208
-9999 -9999 -9999 -9999 -9999 -9999 -9999 184 184 184 184 184 167 167 167 167 167 167 167 117 117 117 117 117 117 117 117 117 117 117 117 117 305 305 305 305 305 115 115 115 115 115 115 115 115 115 297 297 297 297 297 297 297 297 297 297 297 297 338 297 338 338 338 338 338 338 338 338 102 102 102 102 102 100 100 100 100 100 100 100 100 208 208
-9999 -9999 -9999 -9999 -9999 -9999 -9999 -9999 184 184 184 -9999 167 167 167 167 167 167 167 117 117 117 117 117 117 117 117 117 117 117 117 117 305 305 305 305 305 115 115 115 115 115 115 115 115 297 297 297 297 297 297 297 297 297 297 297 297 297 338 338 338 338 338 338 338 338 102 102 102 102 102 102 102 102 100 100 100 100 100 100 100 208 208
-9999 -9999 -9999 -9999 -9999 -9999 -9999 -9999 -9999 -9999 167 167 167 167 167 167 167 167 117 117 117 117 117 117 117 117 117 117 117 117 305 305 305 305 305 305 305 305 305 115 115 115 115 115 115 297 297 297 297 297 297 297 297 338 338 338 338 338 338 338 338 338 338 338 338 102 102 102 102 102 102 102 102 102 100 100 100 100 100 100 100 100 208
-9999 -9999 -9999 -9999 -9999 -9999 -9999 -9999 -9999 -9999 167 167 167 167 167 167 167 167 117 117 117 117 117 117 117 117 117 117 117 117 305 305 305 305 305 305 305 305 305 115 115 115 115 115 66 66 297 297 297 297 297 297 338 338 338 338 338 338 338 338 338 338 338 338 102 102 102 102 102 102 102 102 102 102 100 100 100 100 100 100 100 100 281
-9999 -9999 -9999 -9999 -9999 -9999 -9999 -9999 -9999 -9999 167 167 167 167 167 167 167 167 167 117 117 117 117 117 117 117 117 117 117 117 117 305 305 305 305 305 305 305 305 305 115 115 115 66 66 66 66 297 297 297 297 338 338 338 338 338 338 338 338 338 338 338 338 194 194 102 102 102 102 102 102 102 102 102 102 100 100 100 100 100 100 281 281
-9999 -9999 -9999 -9999 -9999 -9999 -9999 -9999 -9999 -9999 167 167 167 167 167 167 167 167 167 117 117 117 117 117 117 117 117 117 117 117 117 117 305 305 305 305 305 305 305 305 305 66 66 66 66 66 66 297 297 297 338 338 338 338 338 338 338 338 338 338 338 194 194 251 251 102 102 102 102 102 102 102 102 102 102 100 100 100 100 100 100 281 281
-9999 -9999 -9999 -9999 -9999 -9999 -9999 -9999 -9999 167 167 167 167 167 167 167 167 167 167 117 117 117 117 117 117 117 117 117 117 117 117 117 305 305 305 305 305 305 305 305 66 66 66 66 66 66 66 297 297 297 297 297 338 338 338 338 338 338 338 338 194 194 194 194 251 251 102 102 102 102 102 102 102 102 102 100 100 100 100 100 281 281 281
-9999 -9999 -9999 -9999 -9999 -9999 -9999 -9999 167 167 167 167 167 167 167 167 167 167 167 167 167 117 117 117 117 117 117 117 117 117 117 117 305 305 305 305 305 305 305 305 305 66 66 66 66 66 66 297 297 297 297 297 338 338 338 338 338 338 338 338 194 194 194 194 251 251 102 102 102 102 102 102 102 250 102 250 100 100 100 100 281 281 281
