UK map to Netlogo/data/United_Kingdom_Ascii/uk_ascii.asc
ncols         250
nrows         463
xllcorner     -69.125396050047
yllcorner     5333.6020000002
cellsize      2624.2325015842
NODATA_value  -9999
[rows 370 to 406 of 463, columns 83 to 165 of 250]
246 246 246 246 246 246 246 246 246 246 246 246 246 246 246 246 246 246 90 90 90 90 246 90 74 74 74 74 74 74 74 74 74 74 74 74 74 74 74 74 299 299 299 299 299 299 299 299 299 299 299 299 299 299 299 299 299 299 299 299 384 384 384 384 384 291 291 291 291 291 291 291 291 291 291 77 77 77 77 77 77 77 77
246 246 246 246 246 246 246 246 246 246 246 246 246 90 90 90 90 90 90 90 90 90 90 90 74 74 74 74 74 74 74 74 74 74 74 74 74 74 74 74 299 299 299 299 299 299 299 299 299 299 299 299 299 299 299 299 299 299 299 299 384 384 384 384 384 384 291 291 291 291 291 291 291 291 291 203 77 77 77 77 77 77 77
388 388 246 246 246 246 246 246 246 246 246 246 246 90 90 90 90 90 90 90 90 90 90 90 90 90 74 74 74 74 74 74 74 74 74 74 74 74 74 74 299 299 299 299 299 299 299 299 299 299 299 299 299 299 299 299 299 299 299 299 299 384 384 384 384 291 291 291 291 291 291 291 291 291 203 203 203 77 77 77 77 77 77
388 388 388 90 90 90 90 246 90 90 90 90 90 90 90 90 90 90 90 90 90 90 90 90 90 90 74 74 74 74 74 74 74 74 74 74 74 74 74 74 74 299 299 299 299 299 299 299 299 299 299 299 299 299 299 299 299 299 299 299 384 384 384 384 384 291 291 291 291 291 291 291 291 203 203 203 203 77 77 77 77 77 77
388 388 388 388 90 90 90 90 90 90 90 90 90 90 90 90 90 90 90 90 90 90 90 90 90 90 74 74 74 74 74 74 74 74 74 74 74 74 74 74 74 299 299 299 299 299 299 299 299 299 299 299 299 299 299 299 299 299 299 299 384 384 384 384 384 229 291 291 291 291 291 291 291 291 203 203 203 203 77 77 77 77 38
388 388 388 388 90 90 90 90 90 90 90 90 90 90 90 90 90 90 90 90 90 90 90 90 90 90 74 74 74 74 74 74 74 74 74 74 74 74 74 74 74 299 299 299 299 299 299 299 299 299 299 299 299 299 299 299 299 245 299 245 384 384 384 384 384 229 229 291 291 229 229 229 229 291 203 203 203 203 203 77 77 77 38
388 388 388 388 90 90 90 90 90 90 90 90 90 90 90 90 90 90 90 90 90 90 90 90 90 74 74 74 74 74 74 74 74 74 74 74 74 74 74 74 74 74 299 299 299 299 299 299 299 299 299 299 299 299 299 299 299 245 245 245 245 384 384 384 229 229 229 229 229 229 229 229 229 229 203 203 203 203 77 77 77 346 38
388 90 90 90 90 90 90 90 90 90 90 90 90 90 90 90 90 90 90 90 90 90 90 90 90 74 74 74 74 74 74 74 74 74 74 74 74 74 74 74 74 334 299 299 299 299 299 299 299 299 299 299 299 299 299 299 299 245 245 245 245 245 229 229 229 229 229 229 229 229 229 229 229 203 203 203 203 203 346 77 346 346 346
90 90 90 90 90 90 90 90 90 90 90 90 90 90 90 90 90 90 90 90 90 90 90 90 74 74 74 74 74 74 74 74 74 74 74 74 74 74 74 74 74 334 334 299 299 299 299 299 299 299 299 299 299 299 299 299 299 245 245 245 245 245 229 229 229 229 229 229 229 229 229 203 203 203 203 203 203 203 203 346 346 346 346
90 90 90 90 90 90 90 90 90 90 90 90 90 90 90 90 90 90 90 90 90 90 90 90 90 74 74 74 74 74 74 74 74 74 74 74 74 74 74 74 74 74 334 334 299 334 334 299 299 299 299 299 299 299 299 299 299 299 245 245 245 245 229 229 229 229 229 233 229 229 229 229 203 203 203 203 203 203 203 346 346 346 346
90 90 90 90 90 90 90 90 90 90 90 90 90 90 90 90 90 90 90 90 90 90 90 90 74 74 74 74 74 74 74 74 74 74 74 74 74 74 74 74 74 74 334 334 334 334 334 334 299 299 299 299 299 299 299 299 299 299 245 245 245 245 229 229 229 229 233 233 233 203 203 229 229 203 203 203 203 203 346 346 346 346 346
90 90 90 90 90 90 90 90 90 90 90 90 90 90 90 90 90 90 90 90 90 90 90 90 74 74 74 74 74 74 74 74 74 74 74 74 74 74 74 74 74 334 334 334 334 334 334 334 334 299 299 299 299 299 299 299 245 245 245 245 245 229 39 39 229 229 229 233 233 203 203 203 203 203 203 203 203 203 346 346 346 346 346
90 90 90 90 90 90 90 90 90 90 90 90 90 90 90 90 90 90 90 90 90 90 90 74 74 74 74 74 74 74 74 74 74 74 74 74 74 74 74 74 74 334 334 334 334 334 334 334 334 334 334 299 299 245 245 245 245 245 245 245 22 229 39 39 39 229 229 203 203 203 203 203 203 203 203 203 203 203 346 346 346 346 346
90 90 90 90 90 90 90 90 90 90 90 90 90 90 90 90 90 90 90 90 107 90 74 74 74 74 74 74 74 74 74 1 155 74 74 24 74 74 74 334 334 334 334 334 334 334 334 334 334 334 334 334 245 245 245 245 245 245 245 245 22 22 39 22 22 229 203 203 203 203 203 203 203 203 203 203 203 203 346 346 346 346 346
90 90 90 90 90 90 90 90 90 90 90 90 90 90 90 90 90 90 90 90 107 107 74 74 74 74 74 74 74 1 1 1 155 155 74 24 24 24 24 334 334 334 334 334 334 334 334 334 334 334 334 334 245 245 245 245 245 245 22 245 22 22 22 22 22 22 203 203 203 203 203 203 203 203 203 203 203 203 346 346 346 346 346
90 90 90 90 90 90 90 90 90 90 90 90 90 90 90 90 90 132 132 107 107 107 107 74 107 107 107 74 1 1 1 1 155 155 298 298 24 24 24 24 256 256 334 334 334 334 334 334 334 334 334 334 245 245 245 245 245 245 245 22 22 22 22 22 22 22 22 203 203 203 203 203 203 203 203 203 203 346 346 346 346 346 346
-9999 -9999 -9999 -9999 90 -9999 90 90 90 90 90 90 90 90 90 90 132 132 132 132 107 107 107 107 107 107 107 107 1 1 1 1 155 155 155 298 298 298 24 24 256 256 334 334 334 334 334 334 334 334 334 334 245 245 245 245 245 245 245 22 22 22 22 22 22 22 22 203 203 203 203 203 203 203 203 203 203 203 346 346 346 346 346
-9999 -9999 -9999 -9999 -9999 -9999 -9999 90 90 90 90 90 90 90 90 90 132 132 132 132 107 107 107 107 107 107 107 107 1 1 1 1 1 155 155 298 298 298 24 24 256 256 334 334 334 334 334 334 334 334 334 245 245 245 245 245 245 22 22 22 22 22 22 22 22 22 22 203 203 203 203 203 203 203 203 203 203 203 346 346 346 346 346
-9999 -9999 -9999 -9999 -9999 -9999 -9999 -9999 90 90 90 90 90 90 90 132 132 132 132 132 132 107 107 107 107 107 107 107 1 1 1 1 1 155 155 155 298 298 298 24 256 256 256 334 334 334 334 334 334 334 334 334 245 245 245 245 245 22 22 22 22 22 22 22 22 22 203 203 203 203 203 203 203 203 203 203 203 203 346 346 346 346 346
-9999 -9999 -9999 -9999 -9999 -9999 -9999 -9999 -9999 -9999 -9999 90 90 90 90 132 132 132 132 132 107 107 107 107 107 107 107 107 1 1 1 1 1 1 155 155 298 298 298 298 298 256 256 256 334 334 334 334 334 334 334 334 245 245 245 22 22 22 22 22 22 22 22 22 203 203 203 203 203 203 203 203 203 203 63 203 203 314 203 314 314 314 314
-9999 -9999 -9999 -9999 -9999 -9999 -9999 -9999 -9999 -9999 132 132 132 132 132 132 132 132 132 132 107 107 107 107 107 107 107 107 1 1 1 1 1 1 1 298 298 298 298 298 298 256 256 256 334 334 334 334 334 334 334 334 245 142 142 142 142 22 22 22 22 22 203 203 203 203 203 203 63 203 203 63 63 203 63 78 78 78 314 314 314 314 314
-9999 -9999 -9999 -9999 -9999 -9999 -9999 -9999 -9999 132 132 132 132 132 132 132 132 132 132 132 107 107 107 107 107 3 3 3 3 1 1 1 1 1 1 298 298 298 298 298 298 256 256 256 334 334 8 8 334 334 334 334 245 142 142 142 142 142 142 22 22 203 203 203 203 203 203 63 63 63 63 63 63 63 63 78 78 78 314 314 314 314 314
-9999 -9999 -9999 -9999 -9999 -9999 -9999 -9999 -9999 132 132 132 132 132 132 132 132 -9999 -9999 -9999 -9999 107 107 107 107 3 3 3 3 3 3 1 1 1 1 298 298 298 298 298 298 8 8 8 8 8 8 8 334 334 334 334 245 142 142 142 142 142 142 22 22 22 203 203 203 203 63 63 63 63 63 63 63 63 78 78 78 78 314 314 314 314 314
-9999 -9999 -9999 -9999 -9999 -9999 -9999 -9999 -9999 132 132 132 132 132 132 132 132 -9999 -9999 -9999 -9999 107 107 107 107 3 3 3 3 3 1 1 1 1 1 1 298 298 298 298 8 8 8 8 8 8 8 334 334 334 334 142 142 142 142 142 142 142 142 142 142 142 203 63 63 63 63 63 63 63 63 63 63 63 78 78 78 78 314 314 314 314 314
-9999 -9999 -9999 -9999 -9999 -9999 -9999 -9999 -9999 -9999 132 -9999 132 -9999 -9999 -9999 -9999 -9999 -9999 -9999 -9999 -9999 -9999 107 107 107 3 3 3 3 3 1 1 1 1 1 1 298 298 298 8 8 8 8 8 8 8 8 334 334 -9999 142 142 142 142 142 142 142 142 142 142 142 63 63 63 63 63 63 63 63 63 63 63 63 78 78 78 78 78 314 314 314 314
-9999 -9999 -9999 -9999 -9999 -9999 -9999 -9999 -9999 -9999 -9999 -9999 -9999 -9999 -9999 -9999 -9999 -9999 -9999 -9999 -9999 -9999 -9999 3 107 3 3 3 3 3 1 1 1 1 53 53 53 53 53 53 53 8 8 8 8 8 -9999 8 334 -9999 -9999 142 142 142 142 142 142 142 142 142 142 142 142 63 63 63 63 63 63 63 63 63 63 63 78 78 78 78 78 78 314 235 235
-9999 -9999 -9999 -9999 -9999 -9999 -9999 -9999 -9999 -9999 -9999 -9999 -9999 -9999 -9999 -9999 -9999 -9999 -9999 -9999 -9999 -9999 -9999 3 3 3 3 3 3 3 353 1 1 353 53 53 53 53 53 53 53 8 8 -9999 -9999 -9999 8 -9999 141 141 141 141 142 142 142 142 142 142 142 142 142 142 63 63 63 63 63 63 63 63 63 63 63 63 78 78 78 78 78 78 235 235 235
-9999 -9999 -9999 -9999 -9999 -9999 -9999 -9999 -9999 -9999 -9999 -9999 -9999 -9999 -9999 -9999 -9999 -9999 -9999 -9999 -9999 -9999 -9999 -9999 3 3 3 3 353 353 353 353 353 353 353 53 53 53 53 53 53 -9999 -9999 -9999 -9999 -9999 -9999 141 141 85 85 141 141 141 141 141 142 142 142 142 142 63 63 63 63 63 63 63 63 63 63 63 63 63 63 78 78 63 63 63 63 235 235
-9999 -9999 -9999 -9999 -9999 -9999 -9999 -9999 -9999 -9999 -9999 -9999 -9999 -9999 -9999 -9999 -9999 -9999 -9999 -9999 -9999 -9999 -9999 -9999 -9999 -9999 353 353 353 353 353 353 353 353 353 353 353 353 53 -9999 -9999 -9999 -9999 -9999 -9999 141 141 141 85 85 85 85 85 141 141 141 142 142 142 142 142 142 63 63 63 63 63 63 63 63 63 63 63 63 63 63 63 63 63 63 63 235 235
-9999 -9999 -9999 -9999 -9999 -9999 -9999 -9999 -9999 -9999 -9999 -9999 -9999 -9999 -9999 -9999 -9999 -9999 -9999 -9999 -9999 -9999 -9999 -9999 -9999 -9999 -9999 353 353 353 353 353 353 353 353 353 353 353 353 -9999 -9999 -9999 -9999 -9999 141 141 141 85 85 85 85 85 85 141 141 142 142 142 142 142 142 142 63 63 63 63 63 63 63 63 63 63 63 63 63 63 63 63 63 63 63 63 235
-9999 -9999 -9999 -9999 -9999 -9999 -9999 -9999 -9999 -9999 -9999 -9999 -9999 -9999 -9999 -9999 -9999 -9999 -9999 -9999 -9999 -9999 -9999 -9999 -9999 -9999 -9999 -9999 353 353 353 353 353 353 353 353 353 353 -9999 -9999 -9999 -9999 141 141 141 -9999 85 85 85 85 85 85 85 141 141 390 142 142 390 390 390 390 63 63 63 63 63 63 63 63 63 63 63 63 63 63 63 63 63 63 63 235 235
-9999 -9999 -9999 -9999 -9999 -9999 -9999 -9999 -9999 -9999 -9999 -9999 -9999 -9999 -9999 -9999 -9999 -9999 -9999 -9999 -9999 -9999 -9999 -9999 -9999 -9999 -9999 -9999 -9999 -9999 -9999 353 353 353 353 353 -9999 -9999 -9999 -9999 -9999 141 141 141 85 85 85 85 85 85 85 85 85 85 390 390 390 390 390 390 390 390 63 63 63 63 63 63 63 63 63 63 63 63 63 63 63 63 63 63 63 235 235
-9999 -9999 -9999 -9999 -9999 -9999 -9999 -9999 -9999 -9999 -9999 -9999 -9999 -9999 -9999 -9999 -9999 -9999 -9999 -9999 -9999 -9999 -9999 -9999 -9999 -9999 -9999 -9999 -9999 -9999 -9999 -9999 -9999 -9999 -9999 -9999 -9999 -9999 -9999 -9999 141 141 -9999 85 85 85 85 85 85 85 85 85 390 390 390 390 390 390 390 390 390 390 63 63 63 63 63 63 63 63 63 63 63 63 63 63 63 63 63 63 63 63 235
-9999 -9999 -9999 -9999 -9999 -9999 -9999 -9999 -9999 -9999 -9999 -9999 -9999 -9999 -9999 -9999 -9999 -9999 -9999 -9999 -9999 -9999 -9999 -9999 -9999 -9999 -9999 -9999 -9999 -9999 -9999 -9999 -9999 -9999 -9999 -9999 -9999 -9999 -9999 -9999 -9999 -9999 -9999 85 85 85 85 85 85 85 85 390 390 390 390 390 390 390 390 390 390 63 63 63 63 63 63 63 63 63 63 63 63 63 63 63 63 63 63 63 63 63 63
-9999 -9999 -9999 -9999 -9999 -9999 -9999 -9999 -9999 -9999 -9999 -9999 -9999 -9999 -9999 -9999 -9999 -9999 -9999 -9999 -9999 -9999 -9999 -9999 -9999 -9999 -9999 -9999 -9999 -9999 -9999 -9999 -9999 -9999 -9999 -9999 -9999 -9999 -9999 -9999 -9999 -9999 32 85 85 85 85 85 85 85 85 390 390 390 390 390 390 390 390 390 390 390 63 63 63 63 63 63 63 63 63 63 63 63 63 63 63 63 63 63 63 63 192
-9999 -9999 -9999 -9999 -9999 -9999 -9999 -9999 -9999 -9999 -9999 -9999 -9999 -9999 -9999 -9999 -9999 -9999 -9999 -9999 -9999 -9999 -9999 -9999 -9999 -9999 -9999 -9999 -9999 -9999 -9999 -9999 -9999 -9999 -9999 -9999 -9999 -9999 -9999 -9999 -9999 -9999 32 85 32 85 85 85 32 32 223 223 390 390 390 390 390 390 390 390 223 223 63 63 63 63 63 63 63 63 63 63 63 63 63 63 63 63 63 63 63 63 192
-9999 -9999 -9999 -9999 -9999 -9999 -9999 -9999 -9999 -9999 -9999 -9999 -9999 -9999 -9999 -9999 -9999 -9999 -9999 -9999 -9999 -9999 -9999 -9999 -9999 -9999 -9999 -9999 -9999 -9999 -9999 -9999 -9999 -9999 -9999 -9999 -9999 -9999 -9999 -9999 -9999 32 32 32 32 32 32 32 32 32 223 223 223 223 223 223 390 390 223 223 223 223 223 63 63 63 63 63 63 63 63 63 63 63 63 63 63 63 63 63 63 63 192
