UK map to Netlogo/data/United_Kingdom_Ascii/uk_ascii.asc
ncols         250
nrows         463
xllcorner     -69.125396050047
yllcorner     5333.6020000002
cellsize      2624.2325015842
NODATA_value  -9999
[rows 333 to 369 of 463, columns 166 to 248 of 250]
281 281 281 281 393 393 393 13 21 21 21 216 216 286 286 286 286 72 72 72 72 72 72 72 386 386 386 386 386 386 386 386 386 326 326 326 326 326 326 326 326 326 -9999 -9999 -9999 -9999 -9999 -9999 -9999 -9999 -9999 325 325 325 325 325 325 325 398 398 398 398 398 398 398 -9999 -9999 -9999 -9999 -9999 -9999 -9999 -9999 -9999 -9999 -9999 -9999 -9999 -9999 -9999 -9999 -9999 -9999
234 234 281 281 234 393 13 13 13 21 21 286 286 286 286 286 286 15 72 72 72 72 72 72 386 386 386 386 386 386 386 386 326 326 326 326 326 326 326 326 326 -9999 -9999 -9999 -9999 -9999 -9999 -9999 -9999 -9999 325 325 325 325 325 325 325 325 398 398 398 398 398 398 398 398 398 398 398 398 398 -9999 -9999 -9999 -9999 -9999 -9999 -9999 -9999 -9999 -9999 -9999 -9999
234 234 234 234 234 393 13 13 13 13 21 286 286 286 286 286 15 15 72 72 72 72 72 72 72 386 386 386 386 386 386 386 326 326 326 326 326 326 326 326 -9999 254 -9999 -9999 -9999 -9999 -9999 -9999 -9999 -9999 325 325 325 325 325 325 325 325 398 398 398 398 398 398 398 398 398 398 398 398 398 398 398 -9999 -9999 -9999 -9999 -9999 -9999 -9999 -9999 -9999 -9999
272 234 234 234 234 393 393 13 286 286 286 286 286 286 286 286 15 15 72 72 72 72 72 72 72 386 386 386 386 386 386 254 254 326 326 326 326 326 326 254 254 254 -9999 -9999 -9999 -9999 -9999 -9999 -9999 325 325 325 325 325 325 325 325 325 325 398 398 398 398 398 398 398 398 398 398 398 398 398 398 398 -9999 -9999 -9999 -9999 -9999 -9999 -9999 -9999 -9999
272 272 234 234 234 393 393 13 286 286 286 286 286 286 286 286 15 15 72 72 72 72 72 72 72 72 386 386 72 72 72 254 254 254 326 326 326 326 254 254 254 254 254 -9999 -9999 -9999 -9999 -9999 -9999 325 325 325 325 325 325 325 325 325 398 398 398 398 398 398 398 398 398 398 398 398 398 398 398 398 398 398 -9999 -9999 -9999 -9999 -9999 -9999 -9999
272 272 354 234 234 234 286 286 286 286 286 286 286 286 15 15 15 15 15 72 72 72 72 72 72 72 72 72 72 72 72 254 254 254 254 326 326 254 254 254 254 254 254 -9999 -9999 -9999 -9999 -9999 325 325 325 325 325 325 325 325 398 398 398 398 398 398 398 398 398 398 398 398 398 398 398 398 398 398 398 398 398 -9999 -9999 -9999 -9999 -9999 -9999
354 354 354 258 258 286 286 286 286 286 286 286 286 286 15 15 15 15 15 72 72 72 72 72 72 72 72 72 72 72 72 254 254 254 254 254 254 254 254 254 254 254 254 325 325 325 -9999 325 325 325 325 325 325 325 325 325 325 398 398 398 398 398 398 398 398 398 287 287 398 287 287 398 398 398 398 398 398 398 -9999 -9999 -9999 -9999 -9999
354 354 258 258 258 286 286 286 286 286 286 286 286 15 15 15 15 15 15 15 72 72 72 72 72 72 72 72 72 72 72 254 254 254 254 254 254 254 254 254 254 254 254 254 254 325 325 325 325 325 325 325 325 325 325 325 325 398 398 166 398 398 166 287 287 287 287 287 287 287 287 287 398 398 398 398 398 398 398 -9999 -9999 -9999 -9999
354 354 258 258 258 286 286 286 286 204 204 15 15 15 15 15 15 15 15 15 72 72 72 72 72 72 72 72 72 72 72 254 254 254 254 254 254 254 254 254 254 254 254 254 325 325 325 325 325 325 325 325 325 325 325 325 398 398 398 166 166 166 166 166 287 287 287 287 287 287 287 287 398 398 398 398 398 398 398 398 -9999 -9999 -9999
354 258 258 258 258 204 204 204 204 204 204 15 15 15 15 15 15 15 15 15 15 72 72 72 72 72 72 72 72 72 72 254 254 254 254 254 254 254 254 254 254 254 254 254 254 325 325 325 325 325 325 325 325 325 325 325 166 166 166 166 166 166 166 166 166 287 287 287 287 287 287 287 287 398 398 398 398 398 398 398 211 -9999 -9999
258 258 258 258 204 204 204 204 204 204 204 15 15 15 15 15 15 15 15 15 15 72 72 72 72 72 72 72 72 72 72 254 254 254 254 254 254 254 254 254 254 254 254 325 325 325 325 325 325 325 325 325 325 325 325 166 166 166 166 166 166 166 166 166 166 166 287 287 287 287 287 287 287 287 398 398 398 398 398 211 211 211 -9999
258 258 258 258 258 258 204 204 204 204 204 204 15 15 15 15 15 15 30 30 30 30 30 30 72 72 72 72 72 72 254 254 254 254 254 254 254 254 254 254 50 50 325 325 325 325 325 325 325 325 325 325 325 325 325 325 166 166 166 166 166 166 166 166 166 166 287 287 287 287 287 287 287 287 287 287 398 398 211 211 211 211 -9999
258 258 258 258 258 204 204 204 204 204 204 204 15 15 15 15 15 30 30 30 30 30 30 30 30 72 72 72 72 72 72 254 254 254 254 254 254 254 254 50 50 50 325 325 325 325 325 325 325 325 325 325 325 166 166 166 166 166 166 166 166 166 166 166 166 166 166 287 287 287 287 287 287 287 287 287 287 287 211 211 211 211 211
258 258 258 83 83 204 204 204 204 204 204 204 204 15 15 15 15 15 30 30 30 30 30 30 30 30 30 72 72 72 72 72 254 254 254 254 254 254 254 50 50 50 50 325 325 325 325 325 325 325 325 325 325 166 166 166 166 166 166 166 166 166 166 166 166 166 287 222 222 222 287 35 287 287 287 287 287 287 211 211 211 211 211
258 83 83 83 83 83 204 204 48 48 204 204 144 144 144 144 144 15 30 30 30 30 30 30 30 72 72 72 72 345 345 72 345 345 254 345 345 50 50 50 50 50 50 325 325 325 325 325 325 325 325 325 325 166 166 166 166 166 166 166 166 166 166 166 222 222 222 222 222 35 35 35 287 287 287 287 287 287 287 287 287 211 211
83 83 83 83 83 83 212 48 48 48 48 144 144 144 144 144 144 30 30 30 30 30 30 30 30 345 345 345 345 345 345 345 345 345 345 345 345 50 50 50 50 50 50 325 325 325 325 325 325 325 325 325 325 166 166 166 166 166 166 166 166 166 166 166 166 222 222 222 222 222 35 35 222 222 222 222 287 287 287 287 211 211 211
83 83 83 83 83 83 212 48 48 48 48 144 144 144 144 144 144 30 30 30 30 30 30 30 303 303 345 345 345 345 345 345 345 345 345 345 345 345 50 50 50 50 50 325 325 325 325 325 325 325 325 325 325 166 166 166 166 166 166 166 166 166 166 222 166 222 222 222 222 222 222 222 222 222 222 222 222 287 287 287 211 211 211
83 83 83 83 83 212 212 212 48 48 376 144 144 144 144 144 144 144 30 30 30 30 30 30 303 345 345 345 345 345 345 345 345 345 345 345 345 50 50 50 50 50 50 325 325 325 325 325 325 325 325 325 166 166 166 166 166 166 166 166 166 166 166 222 222 222 222 222 222 222 222 222 222 222 222 222 222 222 222 222 211 367 211
83 83 83 83 83 212 212 212 212 376 144 144 144 144 144 144 144 144 30 30 30 303 303 303 303 303 303 303 345 345 345 345 345 50 50 50 50 50 50 50 50 50 50 50 325 325 325 325 325 325 325 325 325 166 166 166 166 166 166 166 166 166 166 166 166 222 222 222 222 222 222 222 222 222 222 222 222 222 222 222 367 367 367
83 83 83 83 212 212 212 212 212 212 212 144 144 144 144 144 144 144 144 30 270 303 303 303 303 303 303 303 228 228 345 345 345 50 50 50 50 50 50 50 50 50 50 50 325 325 325 325 325 325 325 325 325 325 166 166 166 166 166 166 166 166 166 166 166 166 222 222 222 222 222 222 222 222 222 222 222 222 222 222 222 222 367
16 71 83 83 212 212 144 212 144 144 144 144 144 144 144 144 144 144 144 144 270 270 303 303 303 303 303 303 228 228 345 228 228 228 50 50 50 50 50 50 50 50 50 50 325 325 325 325 325 325 325 325 325 325 166 166 166 166 166 166 166 166 166 166 166 166 222 222 222 222 222 222 222 222 222 222 222 222 222 222 222 367 367
16 16 71 71 212 144 144 144 144 144 144 144 144 144 144 119 119 270 270 270 270 270 270 303 303 303 303 303 303 228 228 228 228 228 228 228 228 50 50 50 50 50 50 50 366 366 366 366 325 325 325 325 325 166 166 166 166 166 166 166 166 166 166 166 166 166 166 222 222 222 222 222 222 222 222 222 367 367 367 367 367 367 367
16 16 71 71 71 144 144 144 144 144 144 144 144 144 144 119 119 119 270 270 270 270 303 303 303 303 303 303 303 228 228 228 228 228 228 228 228 228 50 50 50 50 50 366 366 366 366 366 366 325 325 325 325 166 166 118 166 166 166 166 166 166 166 166 166 166 222 222 222 222 222 222 222 222 367 367 367 367 367 367 367 367 367
16 71 71 71 71 71 144 144 144 144 144 144 190 190 190 119 119 119 119 119 119 303 303 303 303 303 303 303 303 228 228 228 228 228 228 228 228 228 228 50 50 50 366 366 366 366 366 366 366 118 118 118 118 118 118 118 166 166 166 166 166 166 166 166 166 166 222 222 222 222 222 222 222 222 367 367 367 367 367 367 367 367 367
198 71 71 71 71 71 144 144 144 144 190 190 190 190 190 190 119 119 119 119 119 119 303 303 303 303 303 303 228 228 228 228 228 228 228 228 228 228 228 50 366 366 366 366 366 366 366 366 118 118 118 118 118 118 118 118 166 166 166 166 166 166 166 166 166 222 222 222 222 222 222 222 222 130 367 367 367 367 367 367 367 367 367
198 71 71 71 71 71 71 144 144 190 190 190 190 190 190 119 119 119 119 119 119 119 303 303 303 303 303 303 228 228 228 228 228 228 228 228 228 228 228 50 366 366 366 366 366 366 366 366 118 118 118 118 118 118 118 118 118 318 318 318 318 318 318 166 130 130 222 222 222 222 222 130 130 130 130 138 367 367 367 367 367 367 -9999
198 71 71 71 71 71 71 190 190 190 190 190 190 190 190 190 190 119 119 119 119 119 303 303 303 303 228 228 228 228 228 228 228 228 228 228 228 228 228 228 366 366 366 366 366 366 366 366 366 118 118 118 118 118 118 118 318 318 318 318 318 318 318 130 130 130 130 130 130 130 130 130 130 130 138 138 138 367 138 138 138 367 -9999
71 71 71 71 71 71 71 71 190 190 190 190 190 190 190 190 190 190 119 168 119 119 303 303 303 303 228 228 228 228 228 228 228 228 228 228 228 228 228 146 366 366 366 366 366 366 366 366 366 366 118 118 118 118 118 318 318 318 318 318 318 318 318 130 130 130 130 130 130 130 130 130 130 130 138 138 138 138 138 138 138 138 -9999
99 71 71 71 71 71 190 190 190 190 190 190 190 190 190 190 190 190 168 168 168 168 303 303 303 303 228 228 228 228 228 228 228 228 228 228 228 228 146 146 146 146 146 146 366 366 366 366 366 366 118 118 118 118 118 318 318 318 318 318 318 318 130 130 130 130 130 130 130 130 130 130 130 130 138 138 138 138 138 138 138 -9999 -9999
99 99 71 71 71 71 71 190 190 190 190 190 190 190 190 190 190 168 168 168 168 168 303 303 303 79 79 228 228 228 228 228 228 228 228 228 228 146 146 146 146 146 146 146 146 366 366 366 366 366 366 118 118 118 318 318 318 318 318 318 318 130 130 130 130 130 130 130 130 130 130 130 130 138 138 138 138 138 138 138 138 -9999 -9999
99 77 77 71 71 71 190 190 190 190 190 190 190 190 190 190 190 168 168 168 168 168 303 303 79 79 79 79 228 228 228 228 228 228 146 228 228 146 146 146 146 146 146 146 366 366 366 366 118 366 366 118 118 118 318 318 318 318 318 130 130 130 130 130 130 130 130 130 130 130 130 130 138 138 138 138 138 138 138 138 138 -9999 -9999
99 77 77 77 71 71 71 190 190 190 190 190 190 190 395 395 395 395 168 168 168 168 79 303 303 79 79 79 79 228 228 228 228 228 146 146 146 146 146 146 146 146 146 146 366 366 366 366 118 366 118 118 118 318 318 318 318 318 318 318 130 130 130 130 130 130 130 130 130 130 130 138 138 138 138 138 138 138 138 138 138 -9999 -9999
77 77 77 77 77 77 190 190 190 190 190 190 355 395 395 395 395 395 355 168 168 168 79 79 79 79 79 79 79 228 79 228 228 228 228 146 146 146 146 146 146 146 232 146 146 366 366 366 366 366 366 366 118 318 318 318 318 318 318 318 130 130 130 130 130 130 130 130 130 130 130 138 138 138 138 138 138 138 138 138 138 -9999 -9999
77 77 77 77 77 190 190 190 190 190 190 355 355 395 395 395 395 355 355 355 168 168 79 79 79 79 79 79 79 79 79 228 228 228 146 146 146 146 146 146 146 232 232 146 146 146 366 366 366 366 366 366 318 318 318 318 318 318 318 318 130 130 130 130 130 130 130 130 130 130 130 138 138 138 138 138 138 138 138 138 138 -9999 -9999
77 77 77 77 77 77 190 190 190 190 190 355 355 355 355 355 355 355 355 355 356 79 79 79 79 79 79 79 79 79 79 79 228 228 228 228 146 146 146 146 146 232 232 146 146 146 146 366 366 366 366 318 318 318 318 318 318 318 318 261 130 130 130 130 130 130 130 130 130 130 138 138 138 138 138 138 138 138 138 138 -9999 -9999 -9999
77 77 77 77 355 190 190 190 190 355 355 355 355 355 355 355 355 355 355 356 356 356 79 79 79 79 79 79 79 79 108 108 108 146 146 146 146 146 146 146 146 146 146 146 146 146 146 146 146 146 318 318 318 318 318 261 261 261 261 261 261 261 261 130 130 130 130 130 130 138 138 138 138 138 138 138 138 138 138 138 -9999 -9999 -9999
77 77 77 77 355 355 355 355 190 355 355 355 355 355 355 355 355 355 356 356 356 356 79 79 79 79 79 79 79 108 108 108 108 108 108 146 146 146 146 146 146 146 146 146 146 146 146 146 146 318 318 318 318 318 318 261 261 261 261 261 261 261 261 130 130 130 130 130 130 138 138 138 138 138 138 138 138 138 138 138 -9999 -9999 -9999
